   1.0000000000000000        7.0000000000000000     
   1.0000000000000000        2.0000000000000000     
   1.0000000000000000        3.0000000000000000     
   1.0000000000000000        2.0000000000000000     
   1.0000000000000000        7.0000000000000000     
   1.0000000000000000        7.0000000000000000     
   1.0000000000000000        7.0000000000000000     
   1.0000000000000000        7.0000000000000000     
   1.0000000000000000        7.0000000000000000     
   1.0000000000000000        7.0000000000000000     
   1.0000000000000000        7.0000000000000000     
   1.0000000000000000        7.0000000000000000     
   1.0000000000000000        7.0000000000000000     
   17.000000000000000        2.0000000000000000     
   1.0000000000000000        7.0000000000000000     
   1.0000000000000000        7.0000000000000000     
   3.0000000000000000        3.0000000000000000     
   1.0000000000000000        3.0000000000000000     
   145.00000000000000        2.0000000000000000     
   109.00000000000000        2.0000000000000000     
   39.000000000000000        2.0000000000000000     
   18.000000000000000        2.0000000000000000     
   1.0000000000000000        7.0000000000000000     
   1.0000000000000000        7.0000000000000000     
   1.0000000000000000        7.0000000000000000     
   1.0000000000000000        7.0000000000000000     
   1.0000000000000000        4.0000000000000000     
   1.0000000000000000        3.0000000000000000     
   1.0000000000000000        3.0000000000000000     
   1.0000000000000000        7.0000000000000000     
   1.0000000000000000        7.0000000000000000     
   35.000000000000000        3.0000000000000000     
   1.0000000000000000        7.0000000000000000     
   11.000000000000000        4.0000000000000000     
   1.0000000000000000        7.0000000000000000     
   4.0000000000000000        7.0000000000000000     
   2.0000000000000000        7.0000000000000000     
   1.0000000000000000        7.0000000000000000     
   1.0000000000000000        7.0000000000000000     
   172.00000000000000        4.0000000000000000     
   1.0000000000000000        7.0000000000000000     
   1.0000000000000000        4.0000000000000000     
   1.0000000000000000        3.0000000000000000     
   136.00000000000000        3.0000000000000000     
   1.0000000000000000        7.0000000000000000     
   46.000000000000000        3.0000000000000000     
   109.00000000000000        3.0000000000000000     
   1.0000000000000000        7.0000000000000000     
   319.00000000000000        3.0000000000000000     
   8.0000000000000000        1.0000000000000000     
